{
 "cells": [
  {
   "cell_type": "markdown",
   "metadata": {},
   "source": [
    "## Install the xlogit library"
   ]
  },
  {
   "cell_type": "code",
   "execution_count": 1,
   "metadata": {},
   "outputs": [],
   "source": [
    "# !pip install xlogit\n",
    "from xlogit.mixed_logit import MixedLogit\n",
    "from xlogit.multinomial_logit import MultinomialLogit\n"
   ]
  },
  {
   "cell_type": "markdown",
   "metadata": {},
   "source": [
    "## Electricity Dataset¶\n"
   ]
  },
  {
   "cell_type": "markdown",
   "metadata": {},
   "source": [
    "### Read Data"
   ]
  },
  {
   "cell_type": "code",
   "execution_count": 8,
   "metadata": {},
   "outputs": [],
   "source": [
    "# import pandas as pd\n",
    "# import numpy as np\n",
    "# df = pd.read_csv(\"https://raw.githubusercontent.com/arteagac/xlogit/master/examples/data/electricity_long.csv\")\n",
    "\n",
    "# varnames = [\"pf\", \"cl\", \"loc\", \"wk\", \"tod\", \"seas\"]\n",
    "# transvars = [\"pf\", \"loc\", \"tod\"]\n",
    "# X = df[varnames].values\n",
    "# y = df['choice'].values\n",
    "# alt =[1, 2, 3, 4]"
   ]
  },
  {
   "cell_type": "markdown",
   "metadata": {},
   "source": [
    "### Fit the model"
   ]
  },
  {
   "cell_type": "code",
   "execution_count": 10,
   "metadata": {},
   "outputs": [],
   "source": [
    "# # from xlogit import MixedLogit\n",
    "\n",
    "# model = MixedLogit()\n",
    "# model.fit(X, y, \n",
    "#           varnames, \n",
    "#           alt=alt, \n",
    "#           transvars=transvars,\n",
    "#           randvars={'pf': 'n','cl':'n','loc':'n','wk':'n','tod':'n','seas':'n'}, \n",
    "# #           mixby=df.id.values,\n",
    "#           n_draws = 600)\n",
    "# model.summary()"
   ]
  },
  {
   "cell_type": "markdown",
   "metadata": {},
   "source": [
    "## Fishing Dataset"
   ]
  },
  {
   "cell_type": "markdown",
   "metadata": {},
   "source": [
    "### Read Data"
   ]
  },
  {
   "cell_type": "code",
   "execution_count": 4,
   "metadata": {},
   "outputs": [],
   "source": [
    "import pandas as pd\n",
    "df = pd.read_csv(\"https://raw.githubusercontent.com/arteagac/xlogit/master/examples/data/fishing_long.csv\")\n",
    "\n",
    "varnames = ['price','catch']\n",
    "X = df[varnames].values\n",
    "y = df['choice'].values\n",
    "transvars = ['price', 'catch']\n"
   ]
  },
  {
   "cell_type": "markdown",
   "metadata": {},
   "source": [
    "### Fit the model"
   ]
  },
  {
   "cell_type": "code",
   "execution_count": 5,
   "metadata": {},
   "outputs": [
    {
     "name": "stdout",
     "output_type": "stream",
     "text": [
      "testryan2 fit False transformation boxcox\n",
      "hashasts\n",
      "isvars []\n",
      "asvars []\n",
      "randtranspos [0, 1]\n",
      "Kf 0 Kr 0 Kftrans 0 Krtrans 2\n",
      "xrtranshere [[1.57930e+02 6.78000e-02]\n",
      " [1.57930e+02 2.60100e-01]\n",
      " [1.82930e+02 5.39100e-01]\n",
      " ...\n",
      " [2.35436e+02 6.81700e-01]\n",
      " [2.60436e+02 2.30140e+00]\n",
      " [3.39890e+02 1.49800e-01]]\n",
      "self.asvars [] self.isvars []\n",
      "Kf 0 Kr 0 Kft 0 Krt 2\n",
      "postfinalmat [[[[1.57930e+02 6.78000e-02]\n",
      "   [1.57930e+02 2.60100e-01]\n",
      "   [1.82930e+02 5.39100e-01]\n",
      "   [1.57930e+02 5.03000e-02]]]\n",
      "\n",
      "\n",
      " [[[1.51140e+01 1.04900e-01]\n",
      "   [1.05340e+01 1.57400e-01]\n",
      "   [3.45340e+01 4.67100e-01]\n",
      "   [1.51140e+01 4.51000e-02]]]\n",
      "\n",
      "\n",
      " [[[1.61874e+02 5.33300e-01]\n",
      "   [2.43340e+01 2.41300e-01]\n",
      "   [5.93340e+01 1.02660e+00]\n",
      "   [1.61874e+02 4.52200e-01]]]\n",
      "\n",
      "\n",
      " ...\n",
      "\n",
      "\n",
      " [[[6.50360e+01 5.33300e-01]\n",
      "   [1.08546e+02 2.41300e-01]\n",
      "   [1.43546e+02 1.02660e+00]\n",
      "   [6.50360e+01 4.52200e-01]]]\n",
      "\n",
      "\n",
      " [[[3.66360e+01 5.33300e-01]\n",
      "   [6.11460e+01 1.66500e-01]\n",
      "   [9.61460e+01 3.97500e-01]\n",
      "   [3.66360e+01 4.52200e-01]]]\n",
      "\n",
      "\n",
      " [[[3.39890e+02 2.53700e-01]\n",
      "   [2.35436e+02 6.81700e-01]\n",
      "   [2.60436e+02 2.30140e+00]\n",
      "   [3.39890e+02 1.49800e-01]]]]\n",
      "self.fit_intercept False\n",
      "rvvar []\n",
      "sd_rand []\n",
      "intercept_names []\n",
      "finalnames ['price' 'catch' 'lambda.price' 'lambda.catch' 'sd.price' 'sd.catch']\n",
      "finalX (4728, 2)\n",
      "doing that yes\n",
      "Xnamesmes ['price' 'catch' 'lambda.price' 'lambda.catch' 'sd.price' 'sd.catch']\n",
      "Xshape (4728, 2)\n",
      "rv []\n",
      "rvpos []\n",
      "self.randvars []\n",
      "self.randtransvars ['price', 'catch']\n",
      "randtranspos [0, 1]\n",
      "Ktest 2 [False False]\n",
      "n_vars 2\n",
      "self.N 1182\n",
      "drawstrans [[[-2.25587053e+00 -8.37073840e-01 -4.65343317e-01 ...  8.10580654e-02\n",
      "    1.80837642e+00 -2.27738275e-01]\n",
      "  [ 5.91402350e-01  4.18839870e-01 -1.56765239e-01 ... -1.27174080e-01\n",
      "   -3.71766671e-02  7.19905535e-01]]\n",
      "\n",
      " [[ 5.01649855e-01  1.69494910e+00 -2.52942765e+00 ... -1.68175443e-01\n",
      "    3.35692277e-01  2.14444571e+00]\n",
      "  [ 1.54712620e+00  2.31511894e+00 -4.04735056e-01 ... -7.30952357e-01\n",
      "    3.74281499e-01  2.59514849e-01]]\n",
      "\n",
      " [[-4.97183479e-01  1.04039233e+00  7.22253946e-01 ...  3.23188470e-01\n",
      "    3.47880301e-01 -7.75988442e-01]\n",
      "  [-7.62130321e-01 -4.69971663e-01 -5.39480558e-01 ...  2.75088770e+00\n",
      "    2.59665589e-01  2.18272448e+00]]\n",
      "\n",
      " ...\n",
      "\n",
      " [[ 5.70495383e-01  1.38641987e+00  2.19954057e-01 ...  4.55633619e-02\n",
      "    5.38368771e-01  6.59887583e-02]\n",
      "  [ 4.58653290e-01  3.14513149e-01 -1.69913267e+00 ...  9.42191496e-03\n",
      "   -8.38808247e-01 -1.38187609e+00]]\n",
      "\n",
      " [[ 4.13345985e-01  8.72555230e-01 -8.12091078e-01 ... -5.47647029e-01\n",
      "   -1.17122094e+00 -6.69213857e-01]\n",
      "  [ 8.76689385e-01  9.61588067e-01 -9.18568796e-01 ... -1.64555104e+00\n",
      "   -7.37895517e-01 -7.95566123e-02]]\n",
      "\n",
      " [[ 1.35399690e+00 -1.23810145e-01 -1.52821054e+00 ... -7.23693323e-01\n",
      "    8.68024349e-01 -1.94416674e+00]\n",
      "  [-2.79777777e+00  1.72184035e-03 -4.99708007e-01 ...  6.55274905e-02\n",
      "    1.14421239e-01 -5.20713927e-01]]]\n",
      "minimize\n",
      "betas [0. 0. 0. 0. 0. 0.]\n",
      "Brtrans_b [0. 0.] Brtrans_w [0. 0.] rlmda [0. 0.]\n",
      " self.P 1\n",
      "self.Kf 0\n",
      "self.Xr_trans (1182, 1, 4, 2)\n",
      "Xdims (1182, 1, 4, 2)\n",
      "i -1\n",
      "lambdas -1\n",
      "i 0\n",
      "lambdas 0\n",
      "Xrtrans_lmda (1182, 1, 4, 2)\n",
      "Brtrans (1182, 2, 100)\n",
      "Xbr_trans (1182, 1, 4, 100)\n",
      "VVVV (1182, 1, 4, 100)\n",
      "rpdist ['price', 'catch'] <enumerate object at 0x7fd7d47d9240>\n",
      "Xdims (1182, 1, 4, 2)\n",
      "gradshape (0,) grtrans_b (1182, 2, 100) grtrans_w (1182, 2, 100) grtrans_lmda (1182, 2, 100)\n",
      "pch [[[0.25 0.25 0.25 ... 0.25 0.25 0.25]]\n",
      "\n",
      " [[0.25 0.25 0.25 ... 0.25 0.25 0.25]]\n",
      "\n",
      " [[0.25 0.25 0.25 ... 0.25 0.25 0.25]]\n",
      "\n",
      " ...\n",
      "\n",
      " [[0.25 0.25 0.25 ... 0.25 0.25 0.25]]\n",
      "\n",
      " [[0.25 0.25 0.25 ... 0.25 0.25 0.25]]\n",
      "\n",
      " [[0.25 0.25 0.25 ... 0.25 0.25 0.25]]] 2 [[[0.25]]\n",
      "\n",
      " [[0.25]]\n",
      "\n",
      " [[0.25]]\n",
      "\n",
      " ...\n",
      "\n",
      " [[0.25]]\n",
      "\n",
      " [[0.25]]\n",
      "\n",
      " [[0.25]]]\n",
      "gnpw [[ 1.10213752e-01  1.29351745e+00  4.04385994e-03  3.07439789e-02\n",
      "   0.00000000e+00  0.00000000e+00]\n",
      " [ 7.09995496e-01  1.22973750e+00 -8.05627793e-04  6.20698688e-02\n",
      "   0.00000000e+00  0.00000000e+00]\n",
      " [-1.17029884e+00 -7.17273352e-01 -5.58077372e-02 -1.07505601e-02\n",
      "   0.00000000e+00  0.00000000e+00]\n",
      " ...\n",
      " [-3.25986916e-01 -8.91897652e-02 -5.98454945e-02 -4.69246022e-03\n",
      "   0.00000000e+00  0.00000000e+00]\n",
      " [-3.69267397e-01  4.05734387e-01  1.21695862e-02 -5.55015386e-02\n",
      "   0.00000000e+00  0.00000000e+00]\n",
      " [-2.08820970e-01  3.21760646e-01 -8.08501425e-03 -3.82797550e-02\n",
      "   0.00000000e+00  0.00000000e+00]]\n",
      "g.t. [[ 1.10213752e-01  7.09995496e-01 -1.17029884e+00 ... -3.25986916e-01\n",
      "  -3.69267397e-01 -2.08820970e-01]\n",
      " [ 1.29351745e+00  1.22973750e+00 -7.17273352e-01 ... -8.91897652e-02\n",
      "   4.05734387e-01  3.21760646e-01]\n",
      " [ 4.04385994e-03 -8.05627793e-04 -5.58077372e-02 ... -5.98454945e-02\n",
      "   1.21695862e-02 -8.08501425e-03]\n",
      " [ 3.07439789e-02  6.20698688e-02 -1.07505601e-02 ... -4.69246022e-03\n",
      "  -5.55015386e-02 -3.82797550e-02]\n",
      " [ 0.00000000e+00  0.00000000e+00  0.00000000e+00 ...  0.00000000e+00\n",
      "   0.00000000e+00  0.00000000e+00]\n",
      " [ 0.00000000e+00  0.00000000e+00  0.00000000e+00 ...  0.00000000e+00\n",
      "   0.00000000e+00  0.00000000e+00]]\n",
      "H [[ 8.25184894e+02  2.39219131e+02 -1.65429646e+00 -3.15556401e+00\n",
      "   0.00000000e+00  0.00000000e+00]\n",
      " [ 2.39219131e+02  1.89047872e+03 -2.87080104e+00  9.07468255e+00\n",
      "   0.00000000e+00  0.00000000e+00]\n",
      " [-1.65429646e+00 -2.87080104e+00  8.08531128e+00 -5.99353967e-01\n",
      "   0.00000000e+00  0.00000000e+00]\n",
      " [-3.15556401e+00  9.07468255e+00 -5.99353967e-01  1.99795665e+01\n",
      "   0.00000000e+00  0.00000000e+00]\n",
      " [ 0.00000000e+00  0.00000000e+00  0.00000000e+00  0.00000000e+00\n",
      "   0.00000000e+00  0.00000000e+00]\n",
      " [ 0.00000000e+00  0.00000000e+00  0.00000000e+00  0.00000000e+00\n",
      "   0.00000000e+00  0.00000000e+00]] (6, 6) g 1182\n",
      "HinvH [[ 0.00125986 -0.00016042  0.00022146  0.00027849  0.          0.        ]\n",
      " [-0.00016042  0.00055078  0.00014263 -0.00027122  0.          0.        ]\n",
      " [ 0.00022146  0.00014263  0.12405068  0.00369151  0.          0.        ]\n",
      " [ 0.00027849 -0.00027122  0.00369151  0.05032905  0.          0.        ]\n",
      " [ 0.          0.          0.          0.          0.          0.        ]\n",
      " [ 0.          0.          0.          0.          0.          0.        ]]\n",
      "gfinal [-544.33202557   45.75612173    1.40010225    4.49608874    0.\n",
      "    0.        ]\n",
      "betas [-1.0064131   0.08459829  0.00258864  0.0083128   0.          0.        ]\n",
      "Brtrans_b [-1.0064131   0.08459829] Brtrans_w [0.00258864 0.0083128 ] rlmda [0. 0.]\n",
      " self.P 1\n",
      "self.Kf 0\n",
      "self.Xr_trans (1182, 1, 4, 2)\n",
      "Xdims (1182, 1, 4, 2)\n",
      "i -1\n",
      "lambdas -1\n",
      "i 0\n",
      "lambdas 0\n",
      "Xrtrans_lmda (1182, 1, 4, 2)\n",
      "Brtrans (1182, 2, 100)\n",
      "Xbr_trans (1182, 1, 4, 100)\n",
      "VVVV (1182, 1, 4, 100)\n",
      "rpdist ['price', 'catch'] <enumerate object at 0x7fd7d47ae6c0>\n",
      "Xdims (1182, 1, 4, 2)\n",
      "gradshape (0,) grtrans_b (1182, 2, 100) grtrans_w (1182, 2, 100) grtrans_lmda (1182, 2, 100)\n",
      "pch [[[0.25066821 0.25031749 0.2488383  ... 0.24895448 0.24931266 0.25115008]]\n",
      "\n",
      " [[0.12857798 0.13002923 0.12494814 ... 0.12514648 0.12685308 0.12720017]]\n",
      "\n",
      " [[0.56515129 0.56319344 0.56361998 ... 0.55620246 0.5620531  0.55845344]]\n",
      "\n",
      " ...\n",
      "\n",
      " [[0.32623446 0.32610973 0.32669119 ... 0.32641497 0.32647822 0.32666333]]\n",
      "\n",
      " [[0.34591922 0.3459051  0.34455583 ... 0.34385335 0.34478758 0.34527775]]\n",
      "\n",
      " [[0.30716925 0.30819402 0.30825321 ... 0.30829286 0.30808742 0.30830468]]] 2 [[[0.24935134]]\n",
      "\n",
      " [[0.12630428]]\n",
      "\n",
      " [[0.5628736 ]]\n",
      "\n",
      " ...\n",
      "\n",
      " [[0.32637933]]\n",
      "\n",
      " [[0.34510095]]\n",
      "\n",
      " [[0.30812709]]]\n",
      "gnpw [[ 1.10305258e-01  1.26148245e+00  4.01839610e-03  3.52557030e-02\n",
      "  -5.70066253e-01 -1.72846201e-01]\n",
      " [ 8.59257330e-01  1.35126267e+00  9.01564063e-04  7.93791796e-02\n",
      "  -2.62362044e+00 -1.86186389e-01]\n",
      " [-5.67853419e-01 -5.02066071e-01 -2.75009456e-02 -8.62724204e-03\n",
      "   2.24851807e+00  3.35755086e-02]\n",
      " ...\n",
      " [-2.19611190e-01 -6.79001472e-02 -4.04190655e-02 -5.07270016e-03\n",
      "   9.96449551e-01 -3.40153896e-03]\n",
      " [-2.18815797e-01  3.11311127e-01  7.03183578e-03 -4.34677558e-02\n",
      "   8.77509797e-01 -2.77447954e-02]\n",
      " [-1.71979784e-01  1.03089442e-01 -6.80679124e-03 -2.23144867e-02\n",
      "   9.72790668e-01 -4.83573517e-02]]\n",
      "g.t. [[ 1.10305258e-01  8.59257330e-01 -5.67853419e-01 ... -2.19611190e-01\n",
      "  -2.18815797e-01 -1.71979784e-01]\n",
      " [ 1.26148245e+00  1.35126267e+00 -5.02066071e-01 ... -6.79001472e-02\n",
      "   3.11311127e-01  1.03089442e-01]\n",
      " [ 4.01839610e-03  9.01564063e-04 -2.75009456e-02 ... -4.04190655e-02\n",
      "   7.03183578e-03 -6.80679124e-03]\n",
      " [ 3.52557030e-02  7.93791796e-02 -8.62724204e-03 ... -5.07270016e-03\n",
      "  -4.34677558e-02 -2.23144867e-02]\n",
      " [-5.70066253e-01 -2.62362044e+00  2.24851807e+00 ...  9.96449551e-01\n",
      "   8.77509797e-01  9.72790668e-01]\n",
      " [-1.72846201e-01 -1.86186389e-01  3.35755086e-02 ... -3.40153896e-03\n",
      "  -2.77447954e-02 -4.83573517e-02]]\n",
      "H [[ 4.14166144e+02  2.55223576e+02  2.08407450e+00  4.84080173e+00\n",
      "  -1.30996096e+03 -2.00439053e+01]\n",
      " [ 2.55223576e+02  1.46868460e+03  2.90531198e+00  1.04088152e+01\n",
      "  -8.51742413e+02 -3.25468037e+02]\n",
      " [ 2.08407450e+00  2.90531198e+00  4.72749427e+00 -1.56059655e-01\n",
      "  -5.11693927e+00 -2.97578931e-01]\n",
      " [ 4.84080173e+00  1.04088152e+01 -1.56059655e-01  1.60647775e+01\n",
      "  -1.53485901e+01 -2.09706405e+00]\n",
      " [-1.30996096e+03 -8.51742413e+02 -5.11693927e+00 -1.53485901e+01\n",
      "   4.35912131e+03  7.61139228e+01]\n",
      " [-2.00439053e+01 -3.25468037e+02 -2.97578931e-01 -2.09706405e+00\n",
      "   7.61139228e+01  9.14413748e+01]] (6, 6) g 1182\n",
      "HinvH [[ 4.99729482e-02 -1.91318710e-03 -5.40248071e-03 -8.22069476e-04\n",
      "   1.47773730e-02 -8.19239249e-03]\n",
      " [-1.91318710e-03  4.39611142e-03 -8.92530197e-04 -2.79963138e-04\n",
      "   1.65177521e-05  1.52046717e-02]\n",
      " [-5.40248071e-03 -8.92530197e-04  2.12772205e-01  2.53347423e-03\n",
      "  -1.49794227e-03 -2.36362607e-03]\n",
      " [-8.22069476e-04 -2.79963138e-04  2.53347423e-03  6.26656238e-02\n",
      "  -8.40351596e-05  3.38659008e-04]\n",
      " [ 1.47773730e-02  1.65177521e-05 -1.49794227e-03 -8.40351596e-05\n",
      "   4.68191067e-03 -6.05943474e-04]\n",
      " [-8.19239249e-03  1.52046717e-02 -2.36362607e-03  3.38659008e-04\n",
      "  -6.05943474e-04  6.37627625e-02]]\n",
      "gfinal [ 53.41867991  85.38123751   1.53978143   4.34432832 -22.99205513\n",
      "  34.03679491]\n",
      "betas [-1.4445229   4.62454065  0.08775261  0.2517172  -1.15204255  1.70545155]\n",
      "Brtrans_b [-1.4445229   4.62454065] Brtrans_w [0.08775261 0.2517172 ] rlmda [-1.15204255  1.70545155]\n",
      " self.P 1\n",
      "self.Kf 0\n",
      "self.Xr_trans (1182, 1, 4, 2)\n",
      "Xdims (1182, 1, 4, 2)\n",
      "i -1\n",
      "i 0\n",
      "Xrtrans_lmda (1182, 1, 4, 2)\n",
      "Brtrans (1182, 2, 100)\n",
      "Xbr_trans (1182, 1, 4, 100)\n",
      "VVVV (1182, 1, 4, 100)\n",
      "rpdist ['price', 'catch'] <enumerate object at 0x7fd7d47d6ac0>\n",
      "Xdims (1182, 1, 4, 2)\n",
      "gradshape (0,) grtrans_b (1182, 2, 100) grtrans_w (1182, 2, 100) grtrans_lmda (1182, 2, 100)\n",
      "pch [[[4.40256284e-01 4.38360134e-01 4.32009004e-01 ... 4.32339899e-01\n",
      "   4.33347139e-01 4.41695691e-01]]\n",
      "\n",
      " [[3.99585064e-01 4.07145112e-01 3.80592607e-01 ... 3.79248050e-01\n",
      "   3.89180585e-01 3.89322321e-01]]\n",
      "\n",
      " [[6.18134252e-02 5.97418605e-02 6.02259891e-02 ... 4.13518034e-02\n",
      "   5.51255740e-02 4.42721463e-02]]\n",
      "\n",
      " ...\n",
      "\n",
      " [[8.50787142e-02 8.61382736e-02 1.02180879e-01 ... 8.84887431e-02\n",
      "   9.51248214e-02 9.95518597e-02]]\n",
      "\n",
      " [[3.46118032e-01 3.46500992e-01 3.37237161e-01 ... 3.33573223e-01\n",
      "   3.38175088e-01 3.41426549e-01]]\n",
      "\n",
      " [[2.41473955e-04 5.40565100e-05 7.06806798e-05 ... 5.22437932e-05\n",
      "   5.08943495e-05 7.14794962e-05]]] 2 [[[4.34030927e-01]]\n",
      "\n",
      " [[3.86177597e-01]]\n",
      "\n",
      " [[5.69613552e-02]]\n",
      "\n",
      " ...\n",
      "\n",
      " [[8.83715706e-02]]\n",
      "\n",
      " [[3.41082547e-01]]\n",
      "\n",
      " [[6.73556711e-05]]]\n",
      "gnpw [[ 2.24282249e-04  1.00945879e-01  8.11733848e-06  2.89154028e-03\n",
      "  -1.70043231e-03  5.87932137e-02]\n",
      " [ 1.86227014e-02  8.96372632e-02 -1.04910288e-05  5.26724983e-03\n",
      "  -8.06760884e-02  2.76823784e-02]\n",
      " [-1.43536369e-02 -4.42393277e-01 -6.96487209e-04  3.26121999e-02\n",
      "   7.71367207e-02 -7.35783638e-02]\n",
      " ...\n",
      " [-3.32281471e-03 -3.43062095e-01 -6.19545173e-04  1.34345980e-03\n",
      "   2.19542382e-02  1.18755541e-02]\n",
      " [-3.08453391e-03  5.83413530e-02  1.01147121e-04 -7.94610067e-03\n",
      "   1.81094224e-02  6.06739542e-02]\n",
      " [-1.76393829e-04 -2.12414731e+00 -3.00809494e-05  1.46769611e+00\n",
      "   1.42206554e-03  2.51041941e+01]]\n",
      "g.t. [[ 2.24282249e-04  1.86227014e-02 -1.43536369e-02 ... -3.32281471e-03\n",
      "  -3.08453391e-03 -1.76393829e-04]\n",
      " [ 1.00945879e-01  8.96372632e-02 -4.42393277e-01 ... -3.43062095e-01\n",
      "   5.83413530e-02 -2.12414731e+00]\n",
      " [ 8.11733848e-06 -1.04910288e-05 -6.96487209e-04 ... -6.19545173e-04\n",
      "   1.01147121e-04 -3.00809494e-05]\n",
      " [ 2.89154028e-03  5.26724983e-03  3.26121999e-02 ...  1.34345980e-03\n",
      "  -7.94610067e-03  1.46769611e+00]\n",
      " [-1.70043231e-03 -8.06760884e-02  7.71367207e-02 ...  2.19542382e-02\n",
      "   1.81094224e-02  1.42206554e-03]\n",
      " [ 5.87932137e-02  2.76823784e-02 -7.35783638e-02 ...  1.18755541e-02\n",
      "   6.06739542e-02  2.51041941e+01]]\n",
      "H [[ 1.85740902e+00  8.91088672e+00 -4.67030775e-02 -3.57261444e+00\n",
      "  -5.01268151e+00 -7.56702452e+01]\n",
      " [ 8.91088672e+00  3.30522089e+02 -1.06441934e-01 -1.66360713e+02\n",
      "  -3.21414406e+01 -3.66253371e+03]\n",
      " [-4.67030775e-02 -1.06441934e-01  2.20880035e-02  2.98503018e-02\n",
      "   5.20152804e-02  4.77744990e-01]\n",
      " [-3.57261444e+00 -1.66360713e+02  2.98503018e-02  9.47492726e+01\n",
      "   1.29469895e+01  1.98235294e+03]\n",
      " [-5.01268151e+00 -3.21414406e+01  5.20152804e-02  1.29469895e+01\n",
      "   1.61295074e+01  2.74759746e+02]\n",
      " [-7.56702452e+01 -3.66253371e+03  4.77744990e-01  1.98235294e+03\n",
      "   2.74759746e+02  4.41458342e+04]] (6, 6) g 1182\n",
      "HinvH [[ 4.02206096e+00  7.03683542e-02  5.69831530e+00  1.07663977e-04\n",
      "   1.29306201e+00  4.61786835e-03]\n",
      " [ 7.03683542e-02  5.08378666e-02  1.75217824e-01  1.29677610e-02\n",
      "   5.39717281e-02  3.41822840e-03]\n",
      " [ 5.69831530e+00  1.75217824e-01  5.38314421e+01 -3.07049974e-02\n",
      "   1.72659100e+00  1.43543972e-02]\n",
      " [ 1.07663977e-04  1.29677610e-02 -3.07049974e-02  1.78677644e-01\n",
      "   9.97171650e-04 -6.95328253e-03]\n",
      " [ 1.29306201e+00  5.39717281e-02  1.72659100e+00  9.97171650e-04\n",
      "   5.05697412e-01  3.48328868e-03]\n",
      " [ 4.61786835e-03  3.41822840e-03  1.43543972e-02 -6.95328253e-03\n",
      "   3.48328868e-03  6.04558669e-04]]\n",
      "gfinal [-1.58361926e+01 -2.05325305e+02  1.86308897e-01  8.08215269e+01\n",
      "  5.91218464e+01  1.72710077e+03]\n",
      "betas [-1.02627262  0.29039394  0.00644913  0.01934632 -0.0522221   0.07730814]\n",
      "Brtrans_b [-1.02627262  0.29039394] Brtrans_w [0.00644913 0.01934632] rlmda [-0.0522221   0.07730814]\n",
      " self.P 1\n",
      "self.Kf 0\n",
      "self.Xr_trans (1182, 1, 4, 2)\n",
      "Xdims (1182, 1, 4, 2)\n",
      "i -1\n",
      "i 0\n",
      "Xrtrans_lmda (1182, 1, 4, 2)\n",
      "Brtrans (1182, 2, 100)\n",
      "Xbr_trans (1182, 1, 4, 100)\n",
      "VVVV (1182, 1, 4, 100)\n",
      "rpdist ['price', 'catch'] <enumerate object at 0x7fd7d47d7080>\n",
      "Xdims (1182, 1, 4, 2)\n",
      "gradshape (0,) grtrans_b (1182, 2, 100) grtrans_w (1182, 2, 100) grtrans_lmda (1182, 2, 100)\n"
     ]
    },
    {
     "name": "stdout",
     "output_type": "stream",
     "text": [
      "pch [[[0.31576031 0.31496826 0.31164871 ... 0.31190711 0.31270377 0.31683392]]\n",
      "\n",
      " [[0.18243132 0.18639322 0.17264121 ... 0.17327316 0.17781859 0.1788296 ]]\n",
      "\n",
      " [[0.45852867 0.45439419 0.45529575 ... 0.43906443 0.45182962 0.44384339]]\n",
      "\n",
      " ...\n",
      "\n",
      " [[0.30545215 0.3052339  0.30701216 ... 0.30595933 0.30633197 0.30686785]]\n",
      "\n",
      " [[0.35250563 0.35246993 0.34971452 ... 0.34826056 0.3501971  0.35120088]]\n",
      "\n",
      " [[0.29457792 0.29344678 0.29408515 ... 0.29353505 0.29315163 0.29419059]]] 2 [[[0.31279861]]\n",
      "\n",
      " [[0.17635711]]\n",
      "\n",
      " [[0.45359859]]\n",
      "\n",
      " ...\n",
      "\n",
      " [[0.30586704]]\n",
      "\n",
      " [[0.35082528]]\n",
      "\n",
      " [[0.29342927]]]\n",
      "gnpw [[ 7.72180712e-02  9.69146858e-01  2.80142794e-03  2.74648408e-02\n",
      "   1.15222156e+00  2.99033394e+00]\n",
      " [ 6.97009019e-01  1.10313076e+00  1.99751185e-03  7.16226571e-02\n",
      "   1.20401607e+01  3.40633051e+00]\n",
      " [-5.83707267e-01 -5.85873460e-01 -2.80278429e-02 -9.01575507e-03\n",
      "  -9.49266362e+00 -1.91962205e+00]\n",
      " ...\n",
      " [-1.96228263e-01 -1.13716991e-01 -3.61680837e-02 -9.25521726e-03\n",
      "  -3.05936563e+00 -3.99206958e-01]\n",
      " [-1.83906640e-01  2.71040027e-01  5.74832895e-03 -3.86600047e-02\n",
      "  -2.97865058e+00  8.61155945e-01]\n",
      " [-1.16471786e-01 -1.17202057e-01 -4.83076467e-03 -8.09077154e-03\n",
      "  -1.67659455e+00 -5.25865370e-01]]\n",
      "g.t. [[ 7.72180712e-02  6.97009019e-01 -5.83707267e-01 ... -1.96228263e-01\n",
      "  -1.83906640e-01 -1.16471786e-01]\n",
      " [ 9.69146858e-01  1.10313076e+00 -5.85873460e-01 ... -1.13716991e-01\n",
      "   2.71040027e-01 -1.17202057e-01]\n",
      " [ 2.80142794e-03  1.99751185e-03 -2.80278429e-02 ... -3.61680837e-02\n",
      "   5.74832895e-03 -4.83076467e-03]\n",
      " [ 2.74648408e-02  7.16226571e-02 -9.01575507e-03 ... -9.25521726e-03\n",
      "  -3.86600047e-02 -8.09077154e-03]\n",
      " [ 1.15222156e+00  1.20401607e+01 -9.49266362e+00 ... -3.05936563e+00\n",
      "  -2.97865058e+00 -1.67659455e+00]\n",
      " [ 2.99033394e+00  3.40633051e+00 -1.91962205e+00 ... -3.99206958e-01\n",
      "   8.61155945e-01 -5.25865370e-01]]\n",
      "H [[ 3.01203170e+02  2.08875421e+02  1.47373456e+00  4.37964405e+00\n",
      "   5.15737944e+03  6.62320490e+02]\n",
      " [ 2.08875421e+02  1.05648501e+03  1.26328725e+00 -1.49950205e+00\n",
      "   3.51039196e+03  3.00954002e+03]\n",
      " [ 1.47373456e+00  1.26328725e+00  3.43159120e+00 -2.23881332e-01\n",
      "   2.58962468e+01  4.06922928e+00]\n",
      " [ 4.37964405e+00 -1.49950205e+00 -2.23881332e-01  1.12705448e+01\n",
      "   7.50571837e+01  2.24502467e+00]\n",
      " [ 5.15737944e+03  3.51039196e+03  2.58962468e+01  7.50571837e+01\n",
      "   8.85165342e+04  1.11694713e+04]\n",
      " [ 6.62320490e+02  3.00954002e+03  4.06922928e+00  2.24502467e+00\n",
      "   1.11694713e+04  8.69340919e+03]] (6, 6) g 1182\n",
      "HinvH [[ 1.45855117e+00 -3.26209431e-02  1.45067467e-02 -7.63659649e-03\n",
      "  -8.48437406e-02  9.17517440e-03]\n",
      " [-3.26209431e-02  8.02437728e-02  1.73057926e-03  1.39177126e-02\n",
      "   2.26562948e-03 -2.82093587e-02]\n",
      " [ 1.45067467e-02  1.73057926e-03  2.92717763e-01  6.67953888e-03\n",
      "  -9.22088702e-04 -6.58343707e-04]\n",
      " [-7.63659649e-03  1.39177126e-02  6.67953888e-03  9.18445233e-02\n",
      "   4.19046428e-04 -4.80156160e-03]\n",
      " [-8.48437406e-02  2.26562948e-03 -9.22088702e-04  4.19046428e-04\n",
      "   4.95064787e-03 -6.80752786e-04]\n",
      " [ 9.17517440e-03 -2.82093587e-02 -6.58343707e-04 -4.80156160e-03\n",
      "  -6.80752786e-04  1.00578948e-02]]\n",
      "gfinal [ -37.24918425  -77.63619181    1.03667998    4.08201146 -452.3282326\n",
      "  -95.17405992]\n",
      "betas [-1.01279888  0.15077139  0.00382997  0.0118606  -0.01679189  0.02485825]\n",
      "Brtrans_b [-1.01279888  0.15077139] Brtrans_w [0.00382997 0.0118606 ] rlmda [-0.01679189  0.02485825]\n",
      " self.P 1\n",
      "self.Kf 0\n",
      "self.Xr_trans (1182, 1, 4, 2)\n",
      "Xdims (1182, 1, 4, 2)\n",
      "i -1\n",
      "i 0\n",
      "Xrtrans_lmda (1182, 1, 4, 2)\n",
      "Brtrans (1182, 2, 100)\n",
      "Xbr_trans (1182, 1, 4, 100)\n",
      "VVVV (1182, 1, 4, 100)\n",
      "rpdist ['price', 'catch'] <enumerate object at 0x7fd7d4776a00>\n",
      "Xdims (1182, 1, 4, 2)\n",
      "gradshape (0,) grtrans_b (1182, 2, 100) grtrans_w (1182, 2, 100) grtrans_lmda (1182, 2, 100)\n",
      "pch [[[0.27273711 0.27224034 0.27014033 ... 0.27030574 0.2708158  0.27342345]]\n",
      "\n",
      " [[0.14555912 0.14777122 0.1400537  ... 0.14038723 0.14295807 0.14350895]]\n",
      "\n",
      " [[0.52924778 0.52648532 0.52708712 ... 0.51660535 0.52487176 0.51977901]]\n",
      "\n",
      " ...\n",
      "\n",
      " [[0.31960286 0.31943655 0.3203607  ... 0.31988104 0.32001665 0.3203049 ]]\n",
      "\n",
      " [[0.34830564 0.34828286 0.34644653 ... 0.34548123 0.34676679 0.347435  ]]\n",
      "\n",
      " [[0.30389192 0.30463185 0.30482219 ... 0.30474449 0.30446839 0.30489334]]] 2 [[[0.27087024]]\n",
      "\n",
      " [[0.14213058]]\n",
      "\n",
      " [[0.5260303 ]]\n",
      "\n",
      " ...\n",
      "\n",
      " [[0.31982757]]\n",
      "\n",
      " [[0.34718744]]\n",
      "\n",
      " [[0.30456411]]]\n",
      "gnpw [[ 9.82875578e-02  1.15560139e+00  3.57443125e-03  3.29675624e-02\n",
      "   5.49930353e+00  6.58515192e+00]\n",
      " [ 8.04247982e-01  1.26458421e+00  1.44683301e-03  7.74591726e-02\n",
      "   4.67727509e+01  7.22306078e+00]\n",
      " [-5.78602815e-01 -5.32137094e-01 -2.80309419e-02 -9.10196438e-03\n",
      "  -3.30985746e+01 -3.09146642e+00]\n",
      " ...\n",
      " [-2.11948077e-01 -8.28618672e-02 -3.90370945e-02 -6.46323850e-03\n",
      "  -1.19896652e+01 -4.97489170e-01]\n",
      " [-2.06899467e-01  2.97180470e-01  6.58130781e-03 -4.18118943e-02\n",
      "  -1.18272821e+01  1.69354674e+00]\n",
      " [-1.51642629e-01  3.09195283e-02 -6.08196880e-03 -1.79232648e-02\n",
      "  -8.40811648e+00  9.73642317e-02]]\n",
      "g.t. [[ 9.82875578e-02  8.04247982e-01 -5.78602815e-01 ... -2.11948077e-01\n",
      "  -2.06899467e-01 -1.51642629e-01]\n",
      " [ 1.15560139e+00  1.26458421e+00 -5.32137094e-01 ... -8.28618672e-02\n",
      "   2.97180470e-01  3.09195283e-02]\n",
      " [ 3.57443125e-03  1.44683301e-03 -2.80309419e-02 ... -3.90370945e-02\n",
      "   6.58130781e-03 -6.08196880e-03]\n",
      " [ 3.29675624e-02  7.74591726e-02 -9.10196438e-03 ... -6.46323850e-03\n",
      "  -4.18118943e-02 -1.79232648e-02]\n",
      " [ 5.49930353e+00  4.67727509e+01 -3.30985746e+01 ... -1.19896652e+01\n",
      "  -1.18272821e+01 -8.40811648e+00]\n",
      " [ 6.58515192e+00  7.22306078e+00 -3.09146642e+00 ... -4.97489170e-01\n",
      "   1.69354674e+00  9.73642317e-02]]\n",
      "H [[ 3.71306710e+02  2.35801553e+02  1.93941927e+00  4.97202864e+00\n",
      "   2.15493301e+04  1.36288811e+03]\n",
      " [ 2.35801553e+02  1.31195633e+03  2.38671603e+00  5.69465910e+00\n",
      "   1.36317928e+04  7.27777703e+03]\n",
      " [ 1.93941927e+00  2.38671603e+00  4.24273663e+00 -1.82672024e-01\n",
      "   1.12933813e+02  1.36281519e+01]\n",
      " [ 4.97202864e+00  5.69465910e+00 -1.82672024e-01  1.41470858e+01\n",
      "   2.88414712e+02  3.95303213e+01]\n",
      " [ 2.15493301e+04  1.36317928e+04  1.12933813e+02  2.88414712e+02\n",
      "   1.25086101e+06  7.88084661e+04]\n",
      " [ 1.36288811e+03  7.27777703e+03  1.36281519e+01  3.95303213e+01\n",
      "   7.88084661e+04  4.04255527e+04]] (6, 6) g 1182\n",
      "HinvH [[ 1.59842384e+01 -1.88566300e-01  2.49770612e-02 -1.74733983e-02\n",
      "  -2.75316291e-01  3.17922663e-02]\n",
      " [-1.88566300e-01  7.48840311e-01  7.27292690e-03  7.01033345e-02\n",
      "   3.61220345e-03 -1.35568724e-01]\n",
      " [ 2.49770612e-02  7.27292690e-03  2.36626897e-01  4.25604508e-03\n",
      "  -4.45823517e-04 -1.36621614e-03]\n",
      " [-1.74733983e-02  7.01033345e-02  4.25604508e-03  7.77015472e-02\n",
      "   3.21086190e-04 -1.27349163e-02]\n",
      " [-2.75316291e-01  3.61220345e-03 -4.45823517e-04  3.21086190e-04\n",
      "   4.74320605e-03 -6.15326715e-04]\n",
      " [ 3.17922663e-02 -1.35568724e-01 -1.36621614e-03 -1.27349163e-02\n",
      "  -6.15326715e-04  2.45717019e-02]]\n",
      "gfinal [  20.42208703   19.77173496    1.37580973    4.14766788 1346.93759649\n",
      "  196.2246886 ]\n",
      "betas [-1.00822579  0.10338242  0.00294101  0.00931989 -0.00476661  0.00705635]\n",
      "Brtrans_b [-1.00822579  0.10338242] Brtrans_w [0.00294101 0.00931989] rlmda [-0.00476661  0.00705635]\n",
      " self.P 1\n",
      "self.Kf 0\n",
      "self.Xr_trans (1182, 1, 4, 2)\n",
      "Xdims (1182, 1, 4, 2)\n",
      "i -1\n",
      "i 0\n",
      "Xrtrans_lmda (1182, 1, 4, 2)\n",
      "Brtrans (1182, 2, 100)\n",
      "Xbr_trans (1182, 1, 4, 100)\n",
      "VVVV (1182, 1, 4, 100)\n",
      "rpdist ['price', 'catch'] <enumerate object at 0x7fd7d4776980>\n",
      "Xdims (1182, 1, 4, 2)\n",
      "gradshape (0,) grtrans_b (1182, 2, 100) grtrans_w (1182, 2, 100) grtrans_lmda (1182, 2, 100)\n",
      "pch [[[0.25703079 0.25663842 0.25498109 ... 0.25511151 0.25551363 0.25757176]]\n",
      "\n",
      " [[0.13334836 0.13500936 0.12920023 ... 0.12943607 0.1313816  0.13178502]]\n",
      "\n",
      " [[0.55483295 0.55263802 0.55311617 ... 0.54481394 0.55136309 0.54733543]]\n",
      "\n",
      " ...\n",
      "\n",
      " [[0.32435907 0.32422135 0.32489553 ... 0.32456648 0.3246474  0.32486074]]\n",
      "\n",
      " [[0.34662553 0.34660878 0.34511749 ... 0.34433816 0.34537517 0.34591727]]\n",
      "\n",
      " [[0.30631418 0.30730067 0.30739151 ... 0.30740531 0.30717819 0.30744887]]] 2 [[[0.2555565 ]]\n",
      "\n",
      " [[0.13075566]]\n",
      "\n",
      " [[0.5522821 ]]\n",
      "\n",
      " ...\n",
      "\n",
      " [[0.32452584]]\n",
      "\n",
      " [[0.34571969]]\n",
      "\n",
      " [[0.30723182]]]\n",
      "gnpw [[ 1.06747177e-01  1.23016270e+00  3.88670236e-03  3.46534717e-02\n",
      "   2.21263608e+01  1.77390394e+01]\n",
      " [ 8.43378725e-01  1.32592603e+00  1.07921022e-03  7.89090908e-02\n",
      "   1.76636536e+02  1.91730983e+01]\n",
      " [-5.71483036e-01 -5.10888163e-01 -2.76899885e-02 -8.79566802e-03\n",
      "  -1.19150259e+02 -7.40260923e+00]\n",
      " ...\n",
      " [-2.17418593e-01 -7.21635542e-02 -4.00249510e-02 -5.47099352e-03\n",
      "  -4.51847361e+01 -1.06079944e+00]\n",
      " [-2.15359606e-01  3.07173550e-01  6.89985542e-03 -4.29859789e-02\n",
      "  -4.49003639e+01  4.37931305e+00]\n",
      " [-1.65938354e-01  8.24758827e-02 -6.59107123e-03 -2.10721642e-02\n",
      "  -3.43132648e+01  1.11490926e+00]]\n",
      "g.t. [[ 1.06747177e-01  8.43378725e-01 -5.71483036e-01 ... -2.17418593e-01\n",
      "  -2.15359606e-01 -1.65938354e-01]\n",
      " [ 1.23016270e+00  1.32592603e+00 -5.10888163e-01 ... -7.21635542e-02\n",
      "   3.07173550e-01  8.24758827e-02]\n",
      " [ 3.88670236e-03  1.07921022e-03 -2.76899885e-02 ... -4.00249510e-02\n",
      "   6.89985542e-03 -6.59107123e-03]\n",
      " [ 3.46534717e-02  7.89090908e-02 -8.79566802e-03 ... -5.47099352e-03\n",
      "  -4.29859789e-02 -2.10721642e-02]\n",
      " [ 2.21263608e+01  1.76636536e+02 -1.19150259e+02 ... -4.51847361e+01\n",
      "  -4.49003639e+01 -3.43132648e+01]\n",
      " [ 1.77390394e+01  1.91730983e+01 -7.40260923e+00 ... -1.06079944e+00\n",
      "   4.37931305e+00  1.11490926e+00]]\n",
      "H [[ 4.01239265e+02  2.49053598e+02  2.05205047e+00  4.91599798e+00\n",
      "   8.39892946e+04  3.60551653e+03]\n",
      " [ 2.49053598e+02  1.42095103e+03  2.76582806e+00  8.98305051e+00\n",
      "   5.20851504e+04  2.03057224e+04]\n",
      " [ 2.05205047e+00  2.76582806e+00  4.58180482e+00 -1.63192088e-01\n",
      "   4.28153045e+02  3.96810068e+01]\n",
      " [ 4.91599798e+00  8.98305051e+00 -1.63192088e-01  1.54693151e+01\n",
      "   1.02905491e+03  1.49083346e+02]\n",
      " [ 8.39892946e+04  5.20851504e+04  4.28153045e+02  1.02905491e+03\n",
      "   1.75812506e+07  7.54043082e+05]\n",
      " [ 3.60551653e+03  2.03057224e+04  3.96810068e+01  1.49083346e+02\n",
      "   7.54043082e+05  2.90228454e+05]] (6, 6) g 1182\n",
      "HinvH [[ 2.05858844e+02 -1.76406131e+00 -2.93441654e-01 -1.48646854e-01\n",
      "  -9.83381307e-01  1.21072725e-01]\n",
      " [-1.76406134e+00  9.20156103e+00  3.20223178e-02  8.50530216e-01\n",
      "   8.78604941e-03 -6.45137027e-01]\n",
      " [-2.93441654e-01  3.20223178e-02  2.19470770e-01  5.74583503e-03\n",
      "   1.39824418e-03 -2.26073403e-03]\n",
      " [-1.48646856e-01  8.50530216e-01  5.74583504e-03  1.43731407e-01\n",
      "   7.40553637e-04 -5.96590267e-02]\n",
      " [-9.83381307e-01  8.78604930e-03  1.39824418e-03  7.40553627e-04\n",
      "   4.69766023e-03 -6.03709272e-04]\n",
      " [ 1.21072726e-01 -6.45137027e-01 -2.26073403e-03 -5.96590267e-02\n",
      "  -6.03709279e-04  4.52355727e-02]]\n",
      "gfinal [4.37172986e+01 6.52137368e+01 1.49518429e+00 4.27650765e+00\n",
      " 9.30108802e+03 9.99831629e+02]\n",
      "betas [-1.0125601   0.148297    0.00378356  0.01172794 -0.016164    0.02392873]\n",
      "Brtrans_b [-1.0125601  0.148297 ] Brtrans_w [0.00378356 0.01172794] rlmda [-0.016164    0.02392873]\n",
      " self.P 1\n",
      "self.Kf 0\n",
      "self.Xr_trans (1182, 1, 4, 2)\n",
      "Xdims (1182, 1, 4, 2)\n",
      "i -1\n",
      "i 0\n",
      "Xrtrans_lmda (1182, 1, 4, 2)\n",
      "Brtrans (1182, 2, 100)\n",
      "Xbr_trans (1182, 1, 4, 100)\n",
      "VVVV (1182, 1, 4, 100)\n",
      "rpdist ['price', 'catch'] <enumerate object at 0x7fd7d478a300>\n",
      "Xdims (1182, 1, 4, 2)\n",
      "gradshape (0,) grtrans_b (1182, 2, 100) grtrans_w (1182, 2, 100) grtrans_lmda (1182, 2, 100)\n",
      "pch [[[0.27192988 0.27143852 0.26936134 ... 0.26952496 0.27002949 0.27260877]]\n",
      "\n",
      " [[0.14491606 0.14709868 0.1394831  ... 0.13981145 0.14234891 0.14289193]]\n",
      "\n",
      " [[0.53056643 0.52783245 0.52842803 ... 0.51805784 0.52623647 0.52119863]]\n",
      "\n",
      " ...\n",
      "\n",
      " [[0.31985199 0.31968703 0.32059758 ... 0.32012638 0.32025879 0.320543  ]]\n",
      "\n",
      " [[0.34822139 0.3481989  0.34638014 ... 0.34542427 0.34669722 0.34735902]]\n",
      "\n",
      " [[0.30402777 0.30478577 0.30497022 ... 0.30489822 0.30462448 0.30504069]]] 2 [[[0.2700833 ]]\n",
      "\n",
      " [[0.14153216]]\n",
      "\n",
      " [[0.52738286]]\n",
      "\n",
      " ...\n",
      "\n",
      " [[0.32007359]]\n",
      "\n",
      " [[0.34711398]]\n",
      "\n",
      " [[0.30471776]]]\n",
      "gnpw [[ 9.87115619e-02  1.15934187e+00  3.59005519e-03  3.30601059e-02\n",
      "   5.75351600e+00  6.76677538e+00]\n",
      " [ 8.06257755e-01  1.26769895e+00  1.43029832e-03  7.75433000e-02\n",
      "   4.87700066e+01  7.41671043e+00]\n",
      " [-5.78302190e-01 -5.31064211e-01 -2.80178199e-02 -9.09022037e-03\n",
      "  -3.44306754e+01 -3.15773936e+00]\n",
      " ...\n",
      " [-2.12231726e-01 -8.23055537e-02 -3.90884671e-02 -6.41191041e-03\n",
      "  -1.25009225e+01 -5.05328986e-01]\n",
      " [-2.07332355e-01  2.97687042e-01  6.59745028e-03 -4.18717865e-02\n",
      "  -1.23359396e+01  1.73662068e+00]\n",
      " [-1.52356848e-01  3.35956193e-02 -6.10737050e-03 -1.80887951e-02\n",
      "  -8.80354196e+00  1.18353010e-01]]\n",
      "g.t. [[ 9.87115619e-02  8.06257755e-01 -5.78302190e-01 ... -2.12231726e-01\n",
      "  -2.07332355e-01 -1.52356848e-01]\n",
      " [ 1.15934187e+00  1.26769895e+00 -5.31064211e-01 ... -8.23055537e-02\n",
      "   2.97687042e-01  3.35956193e-02]\n",
      " [ 3.59005519e-03  1.43029832e-03 -2.80178199e-02 ... -3.90884671e-02\n",
      "   6.59745028e-03 -6.10737050e-03]\n",
      " [ 3.30601059e-02  7.75433000e-02 -9.09022037e-03 ... -6.41191041e-03\n",
      "  -4.18717865e-02 -1.80887951e-02]\n",
      " [ 5.75351600e+00  4.87700066e+01 -3.44306754e+01 ... -1.25009225e+01\n",
      "  -1.23359396e+01 -8.80354196e+00]\n",
      " [ 6.76677538e+00  7.41671043e+00 -3.15773936e+00 ... -5.05328986e-01\n",
      "   1.73662068e+00  1.18353010e-01]]\n",
      "H [[ 3.72780391e+02  2.36422262e+02  1.94621309e+00  4.97317386e+00\n",
      "   2.25044235e+04  1.39898574e+03]\n",
      " [ 2.36422262e+02  1.31729245e+03  2.40708020e+00  5.85502851e+00\n",
      "   1.42195969e+04  7.49170567e+03]\n",
      " [ 1.94621309e+00  2.40708020e+00  4.25950309e+00 -1.81656630e-01\n",
      "   1.17843220e+02  1.40724152e+01]\n",
      " [ 4.97317386e+00  5.85502851e+00 -1.81656630e-01  1.42104807e+01\n",
      "   3.00085161e+02  4.14061092e+01]\n",
      " [ 2.25044235e+04  1.42195969e+04  1.17843220e+02  3.00085161e+02\n",
      "   1.35878626e+06  8.41608150e+04]\n",
      " [ 1.39898574e+03  7.49170567e+03  1.40724152e+01  4.14061092e+01\n",
      "   8.41608150e+04  4.26595351e+04]] (6, 6) g 1182\n",
      "HinvH [[ 1.72849231e+01 -2.00912938e-01  2.42802851e-02 -1.83297558e-02\n",
      "  -2.86222531e-01  3.31217476e-02]\n",
      " [-2.00912938e-01  8.07722525e-01  7.61740650e-03  7.52224850e-02\n",
      "   3.69100967e-03 -1.42617713e-01]\n",
      " [ 2.42802851e-02  7.61740650e-03  2.35689357e-01  4.24123237e-03\n",
      "  -4.16926520e-04 -1.39332498e-03]\n",
      " [-1.83297558e-02  7.52224850e-02  4.24123237e-03  7.78282414e-02\n",
      "   3.24197362e-04 -1.33257105e-02]\n",
      " [-2.86222531e-01  3.69100968e-03 -4.16926520e-04  3.24197362e-04\n",
      "   4.74059036e-03 -6.14404763e-04]\n",
      " [ 3.31217476e-02 -1.42617713e-01 -1.39332498e-03 -1.33257105e-02\n",
      "  -6.14404763e-04  2.52087429e-02]]\n",
      "gfinal [2.15943481e+01 2.19647051e+01 1.38217540e+00 4.15285144e+00\n",
      " 1.46478387e+03 2.10484021e+02]\n",
      "betas [-1.01275605  0.15032752  0.00382165  0.0118368  -0.01667926  0.0246915 ]\n",
      "Brtrans_b [-1.01275605  0.15032752] Brtrans_w [0.00382165 0.0118368 ] rlmda [-0.01667926  0.0246915 ]\n",
      " self.P 1\n",
      "self.Kf 0\n",
      "self.Xr_trans (1182, 1, 4, 2)\n",
      "Xdims (1182, 1, 4, 2)\n",
      "i -1\n",
      "i 0\n",
      "Xrtrans_lmda (1182, 1, 4, 2)\n",
      "Brtrans (1182, 2, 100)\n",
      "Xbr_trans (1182, 1, 4, 100)\n",
      "VVVV (1182, 1, 4, 100)\n",
      "rpdist ['price', 'catch'] <enumerate object at 0x7fd7d47aef00>\n",
      "Xdims (1182, 1, 4, 2)\n"
     ]
    },
    {
     "name": "stdout",
     "output_type": "stream",
